#Filename: SERVICE
#Version: 20110103
#Expiration: 20110501
#Hash: df7f6c5103fe623c33c7cf1a4399377e7f04b8e4
#Reference: http://extranet.dpd.de/georoute/references_dpd_20110103.txt
#Fields: ServiceCode|ServiceText|ServiceMark|ServiceElements|
#Key: ServiceCode|
101|D||001|
102|D-HAZ||001,150|
103|D-6||001,130|
104|D-6-HAZ||001,130,150|
105|D-EXW||001,110|
106|D-EXW-HAZ||001,110,150|
107|D-6-EXW||001,110,130|
108|D-6-EXW-HAZ||001,110,130,150|
109|D-COD||001,100|
110|D-COD-HAZ||001,100,150|
111|D-6-COD||001,100,130|
112|D-6-COD-HAZ||001,100,130,150|
113|D-SWAP||001,120|
114|D-SWAP-HAZ||001,120,150|
115|D-6-SWAP||001,120,130|
116|D-6-SWAP-HAZ||001,120,130,150|
117|D||001,170|
118|D-BACK||001,121|
119|D-BACK-HAZ||001,121,150|
120|D+||001,180|
121|D-HAZ+||001,150,180|
122|D-6+||001,130,180|
123|D-6-HAZ+||001,130,150,180|
124|D-EXW+||001,110,180|
125|D-EXW-HAZ+||001,110,150,180|
126|D-6-EXW+||001,110,130,180|
127|D-6-EXW-HAZ+||001,110,130,150,180|
128|D-COD+||001,100,180|
129|D-COD-HAZ+||001,100,150,180|
130|D-6-COD+||001,100,130,180|
131|D-6-COD-HAZ+||001,100,130,150,180|
132|D-SWAP+||001,120,180|
133|D-SWAP-HAZ+||001,120,150,180|
134|D-6-SWAP+||001,120,130,180|
135|D-6-SWAP-HAZ+||001,120,130,150,180|
136|D|X|002|
137|D-6|X|002,130|
138|D-EXW|X|002,110|
139|D-6-EXW|X|002,110,130|
140|D-COD|X|002,100|
141|D-6-COD|X|002,100,130|
142|D-SWAP|X|002,120|
143|D-6-SWAP|X|002,120,130|
144|D|X|002,170|
145|D-BACK|X|002,121|
146|D+|X|002,180|
147|D-6+|X|002,130,180|
148|D-EXW+|X|002,110,180|
149|D-6-EXW+|X|002,110,130,180|
150|D-COD+|X|002,100,180|
151|D-6-COD+|X|002,100,130,180|
152|D-SWAP+|X|002,120,180|
153|D-6-SWAP+|X|002,120,130,180|
154|PARCELLetter|X|005|
155|PM2||010|
156|PM2-NO||010,160|
157|PM2-HAZ||010,150|
158|PM2-EXW||010,110|
159|PM2-EXW-NO||010,110,160|
160|PM2-EXW-HAZ||010,110,150|
161|PM2-COD||010,100|
162|PM2-COD-NO||010,100,160|
163|PM2-COD-HAZ||010,100,150|
164|PM2-SWAP||010,120|
165|PM2-SWAP-HAZ||010,120,150|
166|PM2-BACK||010,121|
167|PM2-BACK-HAZ||010,121,150|
168|PM2+||010,180|
169|PM2-NO+||010,160,180|
170|PM2-HAZ+||010,150,180|
171|PM2-EXW+||010,110,180|
172|PM2-EXW-NO+||010,110,160,180|
173|PM2-EXW-HAZ+||010,110,150,180|
174|PM2-COD+||010,100,180|
175|PM2-COD-NO+||010,100,160,180|
176|PM2-COD-HAZ+||010,100,150,180|
177|PM2-SWAP+||010,120,180|
178|PM2-SWAP-HAZ+||010,120,150,180|
179|AM1||022|
180|AM1-NO||022,160|
181|AM1-HAZ||022,150|
182|AM1-6||022,130|
183|AM1-6-NO||022,130,160|
184|AM1-6-HAZ||022,130,150|
185|AM1-EXW||022,110|
186|AM1-EXW-NO||022,110,160|
187|AM1-EXW-HAZ||022,110,150|
188|AM1-6-EXW||022,110,130|
189|AM1-6-EXW-6-NO||022,110,130,160|
190|AM1-6-EXW-HAZ||022,110,130,150|
191|AM1-COD||022,100|
192|AM1-COD-NO||022,100,160|
193|AM1-COD-HAZ||022,100,150|
194|AM1-6-COD||022,100,130|
195|AM1-6-COD-NO||022,100,130,160|
196|AM1-6-COD-HAZ||022,100,130,150|
197|AM1-SWAP||022,120|
198|AM1-SWAP-HAZ||022,120,150|
199|AM1-6-SWAP||022,120,130|
200|AM1-6-SWAP-HAZ||022,120,130,150|
201|AM1-BACK||022,121|
202|AM1-BACK-HAZ||022,121,150|
203|AM1+||022,180|
204|AM1-NO+||022,160,180|
205|AM1-HAZ+||022,150,180|
206|AM1-6+||022,130,180|
207|AM1-6-NO+||022,130,160,180|
208|AM1-6-HAZ+||022,130,150,180|
209|AM1-EXW+||022,110,180|
210|AM1-EXW-NO+||022,110,160,180|
211|AM1-EXW-HAZ+||022,110,150,180|
212|AM1-6-EXW+||022,110,130,180|
213|AM1-6-EXW-NO+||022,110,130,160,180|
214|AM1-6-EXW-HAZ+||022,110,130,150,180|
215|AM1-COD+||022,100,180|
216|AM1-COD-NO+||022,100,160,180|
217|AM1-COD-HAZ+||022,100,150,180|
218|AM1-6-COD+||022,100,130,180|
219|AM1-6-COD-NO+||022,100,130,160,180|
220|AM1-6-COD-HAZ+||022,100,130,150,180|
221|AM1-SWAP+||022,120,180|
222|AM1-SWAP-HAZ+||022,120,150,180|
223|AM1-6-SWAP+||022,120,130,180|
224|AM1-6-SWAP-HAZ+||022,120,130,150,180|
225|AM2||023|
226|AM2-NO||023,160|
227|AM2-HAZ||023,150|
228|AM2-6||023,130|
229|AM2-6-NO||023,130,160|
230|AM2-6-HAZ||023,130,150|
231|AM2-EXW||023,110|
232|AM2-EXW-NO||023,110,160|
233|AM2-EXW-HAZ||023,110,150|
234|AM2-6-EXW||023,110,130|
235|AM2-6-EXW-NO||023,110,130,160|
236|AM2-6-EXW-HAZ||023,110,130,150|
237|AM2-COD||023,100|
238|AM2-COD-NO||023,100,160|
239|AM2-COD-HAZ||023,100,150|
240|AM2-6-COD||023,100,130|
241|AM2-6-COD-NO||023,100,130,160|
242|AM2-6-COD-HAZ||023,100,130,150|
243|AM2-SWAP||023,120|
244|AM2-SWAP-HAZ||023,120,150|
245|AM2-6-SWAP||023,120,130|
246|AM2-SWAP-HAZ||023,120,130,150|
247|AM2-BACK||023,121|
248|AM2-BACK-HAZ||023,121,150|
249|AM2+||023,180|
250|AM2-NO+||023,160,180|
251|AM2-HAZ+||023,150,180|
252|AM2-6+||023,130,180|
253|AM2-6-NO+||023,130,160,180|
254|AM2-6-HAZ+||023,130,150,180|
255|AM2-EXW+||023,110,180|
256|AM2-EXW-NO+||023,110,160,180|
257|AM2-EXW-HAZ+||023,110,150,180|
258|AM2-6-EXW+||023,110,130,180|
259|AM2-6-EXW-NO+||023,110,130,160,180|
260|AM2-6-EXW-6-HAZ+||023,110,130,150,180|
261|AM2-COD+||023,100,180|
262|AM2-COD-NO+||023,100,160,180|
263|AM2-COD-HAZ+||023,100,150,180|
264|AM2-6-COD+||023,100,130,180|
265|AM2-6-COD-NO+||023,100,130,160,180|
266|AM2-6-COD-HAZ+||023,100,130,150,180|
267|AM2-SWAP+||023,120,180|
268|AM2-SWAP-HAZ+||023,120,150,180|
269|AM2-6-SWAP+||023,120,130,180|
270|AM2-6-SWAP-HAZ+||023,120,130,150,180|
271|SD||040|
272|SD-HAZ||040,150|
273|SD-EXW||040,110|
274|SD-EXW-HAZ||040,110,150|
275|SD-COD||040,100|
276|SD-COD-HAZ||040,100,150|
277|SD-SWAP||040,120|
278|SD-SWAP-HAZ||040,120,150|
279|SD-BACK||040,121|
280|SD-BACK-HAZ||040,121,150|
281|SD+||040,180|
282|SD-HAZ+||040,150,180|
283|SD-EXW+||040,110,180|
284|SD-EXW-HAZ+||040,110,150,180|
285|SD-COD+||040,100,180|
286|SD-COD-HAZ+||040,100,150,180|
287|SD-SWAP+||040,120,180|
288|SD-SWAP-HAZ+||040,120,150,180|
289|STANDARD BAG||060|
290|MAIL BAG||005,060|
291|IP||080|
292|POD BOX||081|
293|EXPRESS BAG||020,060|
294|INTERNAT MAIL||006,060|
298|RETURN SENDER||070,071|
299|RETURN|E|020,070|
300|RETURN||070|
301|RETURN-HAZ||070,150|
302|IE2|E|030|
303|IE2-MPS|E|030,140|
304|IE2-6|E|030,130|
305|IE2-6-MPS|E|030,130,140|
306|IE2-SWAP|E|030,120|
307|IE2-SWAP-MPS|E|030,120,140|
308|IE2-6-SWAP|E|030,120,130|
309|IE2-6-SWAP-MPS|E|030,120,130,140|
310|IE2-COD|E|030,100|
311|IE2-COD-MPS|E|030,100,140|
312|IE2-6-COD|E|030,100,130|
313|IE2-6-COD-MPS|E|030,100,130,140|
314|IE1|E|031|
325|D||001,012|
326|D|X|002,012|
327|D-B2C||001,013|
328|D-B2C|X|002,013|
329|D-COD-B2C||001,013,100|
330|D-COD-B2C|X|002,013,100|
331|D-TYRES||001,014|
332|RETURN||072|
333|D-B2C+||001,013,180|
334|D-B2C+|X|002,013,180|
335|D-COD-B2C+||001,013,100,180|
336|D-COD-B2C+|X|002,013,100,180|
340|DPD MAX||090|
350|AM0||021|
351|AM0-EXW||021,110|
352|AM0-COD||021,100|
353|AM0-SWAP||021,120|
354|AM0-BACK||021,121|
355|AM0+||021,180|
356|AM0-EXW+||021,110,180|
357|AM0-COD+||021,100,180|
358|AM0-SWAP+||021,120,180|
800|EXP||020|
801|EXP-COD||020,100|
802|EXP-EXW||020,110|
803|PS||610|
804|PS-COD||610,100|
805|PS-EXP||610,020|
810|AM1||022|
811|AM2||023|
812|PM2||010|
813|TFR||600|
814|AM1-6||022,130|
815|AM2-6||023,130|
816|FIX||601|
817|PRIVAT||602|
820|D-6-B2C+||001,013,130,180|
821|D-6-B2C+|X|002,013,130,180|
822|D-6-COD-B2C+||001,013,100,130,180|
823|D-6-COD-B2C+|X|002,013,100,130,180|
825|DPD MAX||090|
826|DPD MAX - COD||090,100|
827|D-SWAP-B2C||001,013,120|
828|D-SWAP-B2C|X|002,013,120|
829|D-6-B2C||001,013,130|
830|D-6-B2C|X|002,013,130|
831|D-6-COD-B2C||001,013,100,130|
832|D-6-COD-B2C|X|002,013,100,130|
833|D-6-SWAP-B2C||001,013,120,130|
834|D-6-SWAP-B2C|X|002,013,120,130|
835|D-SWAP-COD-B2C||001,013,100,120|
836|D-SWAP-COD-B2C|X|002,013,100,120|
837|D-6-SWAP-COD-B2C||001,013,100,120,130|
838|D-6-SWAP-COD-B2C|X|002,013,100,120,130|
840|D1||621|
841|D2||622|
842|D3||623|
843|D4||624|
844|D5||625|
845|D1-COD||621,100|
846|D2-COD||622,100|
847|D3-COD||623,100|
848|D4-COD||624,100|
849|D5-COD||625,100|
